0.000000000000000000e+00 3.010872345940629469e-01
5.000000000000000104e-04 3.233784179191195873e-01
1.000000000000000021e-03 -1.612023655079883322e-01
1.500000000000000031e-03 4.201130951345249942e-01
2.000000000000000042e-03 2.189061163944047150e-01
2.500000000000000052e-03 1.899057321290788247e-01
3.000000000000000062e-03 3.959158054426178408e-01
3.500000000000000073e-03 3.075727369036324599e-01
4.000000000000000083e-03 2.571495412794119195e-01
4.500000000000000527e-03 2.973586386466884335e-01
5.000000000000000971e-03 5.550494135487475944e-01
5.500000000000001416e-03 3.754252449218030696e-01
6.000000000000001860e-03 3.997861661228754304e-01
6.500000000000002304e-03 6.974959050055010712e-01
7.000000000000002748e-03 4.915897037024167249e-01
7.500000000000003192e-03 5.680411125235435010e-01
8.000000000000003636e-03 5.496884707377562851e-01
8.500000000000004080e-03 6.327244304987702517e-01
9.000000000000004524e-03 5.079259320046800585e-01
9.500000000000004968e-03 6.364503507171194174e-01
1.000000000000000541e-02 6.206980370457991780e-01
1.050000000000000586e-02 5.619596192638155463e-01
1.100000000000000630e-02 8.319506344152537425e-01
1.150000000000000674e-02 5.728812823812109434e-01
1.200000000000000719e-02 8.078333155275728705e-01
1.250000000000000763e-02 9.064480516941754162e-01
1.300000000000000808e-02 6.996088610632220650e-01
1.350000000000000852e-02 8.616950513772948517e-01
1.400000000000000897e-02 7.879716501304324661e-01
1.450000000000000941e-02 7.928125215323051922e-01
1.500000000000000985e-02 8.537993919270934207e-01
1.550000000000001030e-02 8.709481499635077784e-01
1.600000000000001074e-02 6.697699914778737496e-01
1.650000000000001119e-02 1.011209636130444345e+00
1.700000000000001163e-02 1.043449906993774157e+00
1.750000000000001207e-02 6.618869133336371391e-01
1.800000000000001252e-02 1.322156820273860722e+00
1.850000000000001296e-02 7.743334152628733591e-01
1.900000000000001341e-02 1.010916003678699049e+00
1.950000000000001385e-02 1.177709277511095776e+00
2.000000000000001429e-02 8.221847780531109651e-01
2.050000000000001474e-02 1.166687808663905646e+00
2.100000000000001518e-02 1.213300463264536111e+00
2.150000000000001563e-02 9.628640888834171241e-01
2.200000000000001607e-02 1.287552825312444416e+00
2.250000000000001651e-02 1.235210186745951066e+00
2.300000000000001696e-02 1.094187857883850867e+00
2.350000000000001740e-02 1.459420211084811125e+00
2.400000000000001785e-02 1.242190110698607519e+00
2.450000000000001829e-02 1.159472662762476514e+00
2.500000000000001874e-02 1.339619326297193602e+00
2.550000000000001918e-02 1.230768575348542004e+00
2.600000000000001962e-02 1.218896623855512784e+00
2.650000000000002007e-02 1.432418735840602864e+00
2.700000000000002051e-02 1.288864551263334102e+00
2.750000000000002096e-02 1.254054051573995521e+00
2.800000000000002140e-02 1.318250162102271306e+00
2.850000000000002184e-02 1.334457380992165154e+00
2.900000000000002229e-02 1.342548769874784664e+00
2.950000000000002273e-02 1.400027887841012841e+00
3.000000000000002318e-02 1.305506081162575382e+00
3.050000000000002362e-02 1.526810348659835004e+00
3.100000000000002406e-02 1.373280680667136044e+00
3.150000000000002104e-02 1.460562059843241611e+00
3.200000000000002148e-02 1.731505871804089214e+00
3.250000000000002193e-02 1.298493858414828672e+00
3.300000000000002237e-02 1.563929938565986388e+00
3.350000000000002282e-02 1.650443862881138424e+00
3.400000000000002326e-02 1.438797314784930004e+00
3.450000000000002370e-02 1.672160749587518369e+00
3.500000000000002415e-02 1.564573653613259063e+00
3.550000000000002459e-02 1.666907222567218128e+00
3.600000000000002504e-02 1.508527822921379435e+00
3.650000000000002548e-02 1.779069668556530592e+00
3.700000000000002592e-02 1.588997699244530049e+00
3.750000000000002637e-02 1.855185576532015990e+00
3.800000000000002681e-02 1.638120553012563319e+00
3.850000000000002726e-02 1.870881984189752822e+00
3.900000000000002770e-02 1.598029908834938340e+00
3.950000000000002814e-02 1.774166554516513949e+00
4.000000000000002859e-02 1.834001145687354395e+00
4.050000000000002903e-02 1.663261864782358490e+00
4.100000000000002948e-02 1.772612553951335324e+00
4.150000000000002992e-02 1.916401267665381658e+00
4.200000000000003036e-02 1.714861491612930999e+00
4.250000000000003081e-02 1.832246874026684846e+00
4.300000000000003125e-02 1.897675907285956365e+00
4.350000000000003170e-02 1.954988975874374146e+00
4.400000000000003214e-02 1.806765335287739083e+00
4.450000000000003259e-02 2.130399699069722708e+00
4.500000000000003303e-02 1.887739336394296918e+00
4.550000000000003347e-02 1.908171953581536906e+00
4.600000000000003392e-02 2.098548304113418972e+00
4.650000000000003436e-02 1.848293914835170026e+00
4.700000000000003481e-02 2.053866637289260222e+00
4.750000000000003525e-02 2.099293539137755626e+00
4.800000000000003569e-02 1.917758518865743556e+00
4.850000000000003614e-02 1.825743521865717423e+00
4.900000000000003658e-02 2.118268185868330544e+00
4.950000000000003703e-02 1.816230312471127872e+00
5.000000000000003747e-02 2.189341134342889461e+00
5.050000000000003791e-02 2.107687927514347415e+00
5.100000000000003836e-02 1.996273703716691106e+00
5.150000000000003880e-02 2.145959695095463360e+00
5.200000000000003925e-02 2.003790457692834259e+00
5.250000000000003969e-02 2.117785400683536601e+00
5.300000000000004013e-02 1.930518092227853533e+00
5.350000000000004058e-02 2.046065959526434774e+00
5.400000000000004102e-02 2.135246075512877262e+00
5.450000000000004147e-02 1.924183622860643705e+00
5.500000000000004191e-02 2.381957097216737651e+00
5.550000000000004236e-02 2.086843066372202848e+00
5.600000000000004280e-02 2.083254923510234224e+00
5.650000000000004324e-02 2.160400622106822599e+00
5.700000000000004369e-02 2.315929087399823949e+00
5.750000000000004413e-02 2.069957685949769033e+00
5.800000000000004458e-02 2.153660320887619495e+00
5.850000000000004502e-02 2.036128840615122115e+00
5.900000000000004546e-02 2.204264685466597928e+00
5.950000000000004591e-02 2.371295106419427423e+00
6.000000000000004635e-02 2.286408073499646143e+00
6.050000000000004680e-02 2.076620400561830060e+00
6.100000000000004724e-02 2.318227033649295166e+00
6.150000000000004768e-02 2.016553460848039769e+00
6.200000000000004813e-02 2.286324216825724065e+00
6.250000000000004163e-02 2.416591614831348878e+00
6.300000000000004208e-02 2.298769813724764521e+00
6.350000000000004252e-02 2.089343172232086765e+00
6.400000000000004297e-02 2.469994403587880250e+00
6.450000000000004341e-02 2.389882903090999822e+00
6.500000000000004385e-02 2.303689144117340604e+00
6.550000000000004430e-02 2.216185130101624878e+00
6.600000000000004474e-02 2.560293847318077631e+00
6.650000000000004519e-02 2.366364904825682292e+00
6.700000000000004563e-02 2.337565350533189257e+00
6.750000000000004607e-02 2.374861319287751460e+00
6.800000000000004652e-02 2.366651309999969754e+00
6.850000000000004696e-02 2.230844401323315296e+00
6.900000000000004741e-02 2.533457631474969940e+00
6.950000000000004785e-02 2.285605990723871273e+00
7.000000000000004829e-02 2.367201421446864185e+00
7.050000000000004874e-02 2.090615217954362226e+00
7.100000000000004918e-02 1.751489327890077607e+00
7.150000000000004963e-02 2.342406937936548417e+00
7.200000000000005007e-02 1.835275357335584889e+00
7.250000000000005052e-02 1.971129733529726424e+00
7.300000000000005096e-02 2.180836353974708430e+00
7.350000000000005140e-02 2.050032380054737757e+00
7.400000000000005185e-02 1.749813103241297796e+00
7.450000000000005229e-02 1.890116337080763209e+00
7.500000000000005274e-02 1.846195166359926310e+00
7.550000000000005318e-02 1.908483837671392402e+00
7.600000000000005362e-02 1.840188430970819189e+00
7.650000000000005407e-02 1.944378126075186008e+00
7.700000000000005451e-02 2.184719412573373987e+00
7.750000000000005496e-02 1.840020935169504934e+00
7.800000000000005540e-02 1.678828126229064965e+00
7.850000000000005584e-02 2.188153304650466424e+00
7.900000000000005629e-02 1.831956946328685110e+00
7.950000000000005673e-02 1.993968896636473920e+00
8.000000000000005718e-02 1.890312152669350487e+00
8.050000000000005762e-02 1.851099453532946137e+00
8.100000000000005806e-02 1.918860972583833702e+00
8.150000000000005851e-02 2.137141163898569118e+00
8.200000000000005895e-02 2.136445393334234222e+00
8.250000000000005940e-02 1.823442413836612319e+00
8.300000000000005984e-02 2.155302518226853259e+00
8.350000000000006029e-02 1.932902880944848967e+00
8.400000000000006073e-02 1.824779653675366875e+00
8.450000000000006117e-02 2.244321384279917897e+00
8.500000000000006162e-02 2.087140245591465160e+00
8.550000000000006206e-02 1.957404319912001034e+00
8.600000000000006251e-02 1.929355269725707700e+00
8.650000000000006295e-02 1.955960604987055262e+00
8.700000000000006339e-02 2.281727511541754794e+00
8.750000000000006384e-02 2.001666529326222577e+00
8.800000000000006428e-02 1.947557013628571143e+00
8.850000000000006473e-02 2.374145374461971159e+00
8.900000000000006517e-02 1.866835610008229951e+00
8.950000000000006561e-02 1.874218878883045614e+00
9.000000000000006606e-02 2.184228821420665767e+00
9.050000000000006650e-02 2.038837969839101927e+00
9.100000000000006695e-02 1.976962734029342306e+00
9.150000000000006739e-02 2.192898076758798886e+00
9.200000000000006783e-02 2.344405421062721206e+00
9.250000000000006828e-02 1.892278814515428786e+00
9.300000000000006872e-02 2.386193179308921497e+00
9.350000000000006917e-02 2.210602071458623197e+00
9.400000000000006961e-02 1.873874856104538855e+00
9.450000000000007006e-02 2.252153440459198741e+00
9.500000000000007050e-02 2.198014962740863609e+00
9.550000000000007094e-02 2.055683138156535694e+00
9.600000000000007139e-02 2.128616746767660217e+00
9.650000000000007183e-02 2.386952125260633384e+00
9.700000000000007228e-02 2.163759037043076816e+00
9.750000000000007272e-02 2.384923046155050130e+00
9.800000000000007316e-02 2.191609273928302848e+00
9.850000000000007361e-02 2.223587046088655761e+00
9.900000000000007405e-02 2.285158741286466899e+00
9.950000000000007450e-02 2.138947326578923835e+00
1.000000000000000749e-01 2.052240037307605292e+00
1.005000000000000754e-01 2.236129433466488514e+00
1.010000000000000758e-01 2.170326738566518809e+00
1.015000000000000763e-01 2.047536094874179646e+00
1.020000000000000767e-01 2.373604366887723138e+00
1.025000000000000772e-01 2.102343041841376881e+00
1.030000000000000776e-01 2.372651089444258066e+00
1.035000000000000780e-01 2.312599392521083708e+00
1.040000000000000785e-01 2.316773390887681749e+00
1.045000000000000789e-01 2.441358681130864294e+00
1.050000000000000794e-01 2.416821088922350036e+00
1.055000000000000798e-01 2.060039999079535722e+00
1.060000000000000803e-01 2.150738397602994123e+00
1.065000000000000807e-01 2.272952479644446466e+00
1.070000000000000812e-01 1.916684468735158076e+00
1.075000000000000816e-01 2.279356724639851617e+00
1.080000000000000820e-01 2.184004912612080407e+00
1.085000000000000825e-01 2.323680730349905410e+00
1.090000000000000829e-01 2.313992800977892728e+00
1.095000000000000834e-01 2.169702923154406271e+00
1.100000000000000838e-01 2.129032716004255477e+00
1.105000000000000843e-01 2.027017718054874962e+00
1.110000000000000847e-01 2.683386768988119897e+00
1.115000000000000852e-01 2.262485621423146576e+00
1.120000000000000856e-01 2.222601728265399146e+00
1.125000000000000860e-01 2.372800503788100368e+00
1.130000000000000865e-01 2.252508094374392034e+00
1.135000000000000869e-01 1.934014832376113713e+00
1.140000000000000874e-01 2.223229517694443658e+00
1.145000000000000878e-01 2.438034822341013541e+00
1.150000000000000883e-01 2.476294226865016768e+00
1.155000000000000887e-01 2.398330633899066200e+00
1.160000000000000892e-01 2.182656762343425871e+00
1.165000000000000896e-01 2.194230137979975126e+00
1.170000000000000900e-01 2.404811000225206996e+00
1.175000000000000905e-01 2.308943909608677014e+00
1.180000000000000909e-01 2.204724148187529043e+00
1.185000000000000914e-01 2.219950328946202589e+00
1.190000000000000918e-01 2.373255752165490229e+00
1.195000000000000923e-01 2.511191739392576228e+00
1.200000000000000927e-01 2.176927683787617696e+00
1.205000000000000931e-01 2.118030217529321302e+00
1.210000000000000936e-01 2.252024192108780465e+00
1.215000000000000940e-01 2.314055297613784479e+00
1.220000000000000945e-01 2.385726939554094539e+00
1.225000000000000949e-01 2.302429820246154613e+00
1.230000000000000954e-01 2.379819546934874630e+00
1.235000000000000958e-01 2.401652148444914481e+00
1.240000000000000963e-01 2.632291289420285896e+00
1.245000000000000967e-01 2.297867701734438217e+00
1.250000000000000833e-01 2.292088674227968248e+00
1.255000000000000837e-01 2.476501404683297380e+00
1.260000000000000842e-01 2.352117070402961474e+00
1.265000000000000846e-01 2.408584052577217527e+00
1.270000000000000850e-01 2.353646658749142251e+00
1.275000000000000855e-01 2.360437423997550965e+00
1.280000000000000859e-01 2.601062603848240062e+00
1.285000000000000864e-01 2.372345370375327889e+00
1.290000000000000868e-01 2.182815655248333098e+00
1.295000000000000873e-01 2.637513475760159043e+00
1.300000000000000877e-01 2.428291574848410850e+00
1.305000000000000882e-01 2.386562939185894461e+00
1.310000000000000886e-01 2.231675659398903999e+00
1.315000000000000890e-01 2.397982664197986669e+00
1.320000000000000895e-01 2.219915709232489487e+00
1.325000000000000899e-01 2.497537744544296778e+00
1.330000000000000904e-01 2.400617984092214385e+00
1.335000000000000908e-01 2.388060253893529161e+00
1.340000000000000913e-01 2.527406678793267858e+00
1.345000000000000917e-01 2.513073068400282661e+00
1.350000000000000921e-01 2.351257120839047587e+00
1.355000000000000926e-01 2.569857718902248234e+00
1.360000000000000930e-01 2.508565967847059319e+00
1.365000000000000935e-01 2.312303531250476940e+00
1.370000000000000939e-01 2.149658876655772932e+00
1.375000000000000944e-01 2.428454926669205260e+00
1.380000000000000948e-01 2.233178465623227194e+00
1.385000000000000953e-01 2.411804493398034488e+00
1.390000000000000957e-01 2.617603184684273110e+00
1.395000000000000961e-01 2.611842389141866949e+00
1.400000000000000966e-01 2.570393026534186554e+00
1.405000000000000970e-01 2.383705447626531804e+00
1.410000000000000975e-01 2.412748865354806593e+00
1.415000000000000979e-01 2.491860003524807077e+00
1.420000000000000984e-01 2.392481509841675180e+00
1.425000000000000988e-01 2.589016655864985861e+00
1.430000000000000993e-01 2.516978240940328959e+00
1.435000000000000997e-01 2.580153330039562931e+00
1.440000000000001001e-01 2.422162884905697755e+00
1.445000000000001006e-01 2.391329414954418198e+00
1.450000000000001010e-01 2.122236864718112237e+00
1.455000000000001015e-01 2.246085576019392960e+00
1.460000000000001019e-01 2.060305779473517784e+00
1.465000000000001024e-01 2.280169867055498401e+00
1.470000000000001028e-01 2.309750166464046739e+00
1.475000000000001033e-01 2.094887897942149468e+00
1.480000000000001037e-01 2.313982068990399821e+00
1.485000000000001041e-01 2.141600926441679764e+00
1.490000000000001046e-01 2.379307064701125185e+00
1.495000000000001050e-01 1.978091925276723062e+00
1.500000000000001055e-01 2.277519694399380512e+00
1.505000000000001059e-01 2.026215623445441594e+00
1.510000000000001064e-01 2.187350949432245617e+00
1.515000000000001068e-01 2.128414086841652342e+00
1.520000000000001072e-01 2.287135917440622723e+00
1.525000000000001077e-01 2.235208208475085279e+00
1.530000000000001081e-01 2.463250132857737640e+00
1.535000000000001086e-01 2.162800440611180708e+00
1.540000000000001090e-01 2.316717450701299530e+00
1.545000000000001095e-01 2.391590079026012727e+00
1.550000000000001099e-01 2.180468758585883737e+00
1.555000000000001104e-01 2.113970857030728734e+00
1.560000000000001108e-01 2.233309860748588171e+00
1.565000000000001112e-01 2.113165320818949588e+00
1.570000000000001117e-01 2.215117182497858384e+00
1.575000000000001121e-01 2.205762290034259276e+00
1.580000000000001126e-01 2.207138804126730580e+00
1.585000000000001130e-01 2.275997227012845237e+00
1.590000000000001135e-01 2.212090815249303954e+00
1.595000000000001139e-01 2.386190966372250699e+00
1.600000000000001144e-01 2.057612489736085237e+00
1.605000000000001148e-01 2.241869995612495892e+00
1.610000000000001152e-01 2.409421534352993000e+00
1.615000000000001157e-01 2.181702824578715560e+00
1.620000000000001161e-01 2.125368477054225824e+00
1.625000000000001166e-01 2.347749002870306079e+00
1.630000000000001170e-01 2.141926983242114169e+00
1.635000000000001175e-01 2.128263337059941307e+00
1.640000000000001179e-01 2.113815178638047687e+00
1.645000000000001183e-01 2.374870963905928001e+00
1.650000000000001188e-01 2.257820545497437159e+00
1.655000000000001192e-01 2.507831414953666460e+00
1.660000000000001197e-01 2.279067051997748727e+00
1.665000000000001201e-01 2.381595130256520587e+00
1.670000000000001206e-01 2.310797333345876226e+00
1.675000000000001210e-01 2.223809815423543501e+00
1.680000000000001215e-01 2.053817546318055243e+00
1.685000000000001219e-01 2.290528429452738379e+00
1.690000000000001223e-01 2.251633253712478577e+00
1.695000000000001228e-01 2.124357626703806456e+00
1.700000000000001232e-01 2.224595114975079113e+00
1.705000000000001237e-01 2.187557132097268209e+00
1.710000000000001241e-01 2.000773081327547054e+00
1.715000000000001246e-01 2.052983933464567201e+00
1.720000000000001250e-01 1.979344508095861821e+00
1.725000000000001255e-01 2.215464685217395591e+00
1.730000000000001259e-01 2.175535851749297755e+00
1.735000000000001263e-01 2.005342363404134076e+00
1.740000000000001268e-01 2.225687152604874708e+00
1.745000000000001272e-01 2.215375266115157782e+00
1.750000000000001277e-01 2.154402729439686137e+00
1.755000000000001281e-01 2.131563980532023006e+00
1.760000000000001286e-01 2.136194237932883766e+00
1.765000000000001290e-01 2.076587342208252807e+00
1.770000000000001295e-01 2.342729063207458662e+00
1.775000000000001299e-01 2.234675541675136046e+00
1.780000000000001303e-01 2.031731988495796060e+00
1.785000000000001308e-01 2.216261632428214057e+00
1.790000000000001312e-01 2.054699080093333574e+00
1.795000000000001317e-01 2.108967372691297193e+00
1.800000000000001321e-01 2.549683930591415848e+00
1.805000000000001326e-01 2.264399350285656087e+00
1.810000000000001330e-01 2.258160344433011613e+00
1.815000000000001334e-01 2.191687846241250348e+00
1.820000000000001339e-01 2.376371116110285175e+00
1.825000000000001343e-01 2.174649541698867594e+00
1.830000000000001348e-01 2.168150089616884379e+00
1.835000000000001352e-01 2.273077842676700655e+00
1.840000000000001357e-01 2.311989086165404217e+00
1.845000000000001361e-01 2.106318327065340945e+00
1.850000000000001366e-01 2.275127950379904007e+00
1.855000000000001370e-01 2.051983001737369694e+00
1.860000000000001374e-01 2.259188522868767368e+00
1.865000000000001379e-01 2.204545481486889891e+00
1.870000000000001383e-01 2.525018628427495582e+00
1.875000000000001388e-01 2.184409832560377129e+00
1.880000000000001392e-01 2.268303003021044706e+00
1.885000000000001397e-01 2.210489626608894476e+00
1.890000000000001401e-01 2.490391209161004316e+00
1.895000000000001406e-01 2.255790077978234276e+00
1.900000000000001410e-01 2.328346281776983773e+00
1.905000000000001414e-01 2.140121682907374367e+00
1.910000000000001419e-01 2.445845958392992348e+00
1.915000000000001423e-01 2.323183974229420912e+00
1.920000000000001428e-01 2.401334020071088649e+00
1.925000000000001432e-01 2.072738511409025541e+00
1.930000000000001437e-01 2.378981187937656117e+00
1.935000000000001441e-01 2.433334801790878466e+00
1.940000000000001446e-01 2.185552529677281530e+00
1.945000000000001450e-01 2.160099397180714309e+00
1.950000000000001454e-01 2.242925473077531429e+00
1.955000000000001459e-01 2.347750278087814113e+00
1.960000000000001463e-01 2.397073815776360473e+00
1.965000000000001468e-01 2.499365623335084496e+00
1.970000000000001472e-01 2.380906490725953617e+00
1.975000000000001477e-01 2.376323356729860503e+00
1.980000000000001481e-01 2.322844257543080548e+00
1.985000000000001485e-01 2.539742223396671328e+00
1.990000000000001490e-01 2.285295470462678225e+00
1.995000000000001494e-01 2.299886045100711929e+00
2.000000000000001499e-01 2.341423469940531632e+00
2.005000000000001503e-01 2.530283277979755940e+00
2.010000000000001508e-01 2.521205005530399390e+00
2.015000000000001512e-01 2.136202303379907352e+00
2.020000000000001517e-01 2.209876321492497020e+00
2.025000000000001521e-01 2.309133454002678665e+00
2.030000000000001525e-01 2.453621794596739569e+00
2.035000000000001530e-01 2.296529237874499252e+00
2.040000000000001534e-01 2.341947841933849528e+00
2.045000000000001539e-01 2.259715788055726815e+00
2.050000000000001543e-01 2.334683993579093286e+00
2.055000000000001548e-01 2.226907671206249884e+00
2.060000000000001552e-01 2.300768808456783443e+00
2.065000000000001557e-01 2.393460924457787797e+00
2.070000000000001561e-01 2.293766685782630876e+00
2.075000000000001565e-01 2.345182902036401007e+00
2.080000000000001570e-01 2.747349259512296804e+00
2.085000000000001574e-01 2.607033685191542549e+00
2.090000000000001579e-01 2.026722240144478882e+00
2.095000000000001583e-01 2.537248769080051147e+00
2.100000000000001588e-01 2.428430107572918661e+00
2.105000000000001592e-01 2.521611360372963517e+00
2.110000000000001597e-01 2.267244979635379742e+00
2.115000000000001601e-01 2.447462860798906181e+00
2.120000000000001605e-01 2.456259510807655921e+00
2.125000000000001610e-01 2.379094584405844426e+00
2.130000000000001614e-01 2.287630997136818056e+00
2.135000000000001619e-01 2.506103378621483024e+00
2.140000000000001623e-01 2.251883197755954136e+00
2.145000000000001628e-01 2.379760132488760949e+00
2.150000000000001632e-01 2.321494577633302914e+00
2.155000000000001636e-01 2.280937364700926118e+00
2.160000000000001641e-01 2.346761255557775261e+00
2.165000000000001645e-01 2.188426882538855534e+00
2.170000000000001650e-01 2.284855885295197009e+00
2.175000000000001654e-01 2.249207944355192446e+00
2.180000000000001659e-01 2.277687695497457643e+00
2.185000000000001663e-01 2.466107944086305181e+00
2.190000000000001668e-01 2.149949179599695448e+00
2.195000000000001672e-01 2.215244244242144500e+00
2.200000000000001676e-01 2.247230061608903373e+00
2.205000000000001681e-01 2.352523920729816531e+00
2.210000000000001685e-01 2.388182345929693806e+00
2.215000000000001690e-01 2.099932882627758790e+00
2.220000000000001694e-01 2.250596111391019338e+00
2.225000000000001699e-01 2.434352491774364857e+00
2.230000000000001703e-01 2.332466787971912314e+00
2.235000000000001708e-01 2.232113707548027293e+00
2.240000000000001712e-01 2.447739484472399418e+00
2.245000000000001716e-01 2.151650452428630622e+00
2.250000000000001721e-01 2.341635347489172236e+00
2.255000000000001725e-01 2.244492568557235668e+00
2.260000000000001730e-01 2.174061332149673120e+00
2.265000000000001734e-01 2.261127322269915307e+00
2.270000000000001739e-01 2.228489560139486070e+00
2.275000000000001743e-01 2.132711634632212583e+00
2.280000000000001747e-01 2.479493614075528818e+00
2.285000000000001752e-01 2.306389011187604865e+00
2.290000000000001756e-01 2.175696328628805354e+00
2.295000000000001761e-01 2.265142099996981351e+00
2.300000000000001765e-01 2.195488327315154642e+00
2.305000000000001770e-01 2.259903841091075893e+00
2.310000000000001774e-01 2.177220992361922569e+00
2.315000000000001779e-01 2.230422807301063681e+00
2.320000000000001783e-01 2.311103995549845358e+00
2.325000000000001787e-01 2.391795549823701794e+00
2.330000000000001792e-01 1.923683943980544875e+00
2.335000000000001796e-01 1.928569312117091927e+00
2.340000000000001801e-01 2.046373334597558546e+00
2.345000000000001805e-01 2.175113452078864640e+00
2.350000000000001810e-01 2.063658274252365477e+00
2.355000000000001814e-01 2.003465408136391179e+00
2.360000000000001819e-01 2.166362138015732519e+00
2.365000000000001823e-01 1.985491306513895715e+00
2.370000000000001827e-01 2.103919998621573750e+00
2.375000000000001832e-01 2.052027211625538694e+00
2.380000000000001836e-01 2.252791369520890541e+00
2.385000000000001841e-01 1.997823879671413172e+00
2.390000000000001845e-01 1.956249146440911080e+00
2.395000000000001850e-01 2.195834598692060435e+00
2.400000000000001854e-01 1.989942873037285009e+00
2.405000000000001859e-01 2.106807464693492893e+00
2.410000000000001863e-01 2.105765275902257372e+00
2.415000000000001867e-01 2.240527105300301525e+00
2.420000000000001872e-01 2.277334236249223487e+00
2.425000000000001876e-01 2.158227175437606782e+00
2.430000000000001881e-01 1.818636823018900284e+00
2.435000000000001885e-01 2.257857029554457551e+00
2.440000000000001890e-01 2.323606574133019631e+00
2.445000000000001894e-01 2.228542326553669906e+00
2.450000000000001898e-01 2.338574094477931631e+00
2.455000000000001903e-01 2.320927944537079401e+00
2.460000000000001907e-01 1.944970092302050313e+00
2.465000000000001912e-01 2.403276577623692845e+00
2.470000000000001916e-01 2.112498527574130591e+00
2.475000000000001921e-01 2.181215869823551312e+00
2.480000000000001925e-01 2.252906500425914782e+00
2.485000000000001930e-01 2.252017338020728676e+00
2.490000000000001934e-01 2.245586980045750192e+00
2.495000000000001938e-01 2.250419068246493293e+00
2.500000000000001665e-01 2.180299383580696748e+00
2.505000000000001670e-01 2.393463450504452084e+00
2.510000000000001674e-01 2.050831651704457137e+00
2.515000000000001679e-01 2.139718540209962327e+00
2.520000000000001683e-01 2.459947052473911988e+00
2.525000000000001688e-01 2.358452208023495977e+00
2.530000000000001692e-01 2.303522945929982857e+00
2.535000000000001696e-01 2.390479642618189793e+00
2.540000000000001701e-01 2.274384401657568500e+00
2.545000000000001705e-01 2.386500923148260345e+00
2.550000000000001710e-01 2.259020616778860013e+00
2.555000000000001714e-01 2.297802748005464579e+00
2.560000000000001719e-01 2.453749000043714545e+00
2.565000000000001723e-01 2.284960565739238891e+00
2.570000000000001728e-01 2.351850611211202757e+00
2.575000000000001732e-01 2.493965134355379920e+00
2.580000000000001736e-01 2.079531180669023538e+00
2.585000000000001741e-01 2.241493401283357390e+00
2.590000000000001745e-01 2.312143301836982356e+00
2.595000000000001750e-01 2.323689458611973624e+00
2.600000000000001754e-01 2.288769778701162494e+00
2.605000000000001759e-01 2.326209954543755121e+00
2.610000000000001763e-01 2.464368262343955340e+00
2.615000000000001767e-01 2.486666316842938595e+00
2.620000000000001772e-01 2.259101420341931288e+00
2.625000000000001776e-01 2.400424317666407514e+00
2.630000000000001781e-01 2.371012429483035255e+00
2.635000000000001785e-01 2.431251594239776992e+00
2.640000000000001790e-01 2.342085624829851387e+00
2.645000000000001794e-01 2.466604780081920634e+00
2.650000000000001799e-01 2.174913474934371926e+00
2.655000000000001803e-01 2.603480785942623665e+00
2.660000000000001807e-01 2.539503948143250867e+00
2.665000000000001812e-01 2.445017747737968428e+00
2.670000000000001816e-01 2.391723224506910217e+00
2.675000000000001821e-01 2.454904670994730864e+00
2.680000000000001825e-01 2.427833221032356992e+00
2.685000000000001830e-01 2.451040570310508038e+00
2.690000000000001834e-01 2.593475739167117933e+00
2.695000000000001839e-01 2.427756503387905163e+00
2.700000000000001843e-01 2.400555268746695781e+00
2.705000000000001847e-01 2.365686647890811400e+00
2.710000000000001852e-01 2.350121543166110438e+00
2.715000000000001856e-01 2.424367670442296507e+00
2.720000000000001861e-01 2.751543860818412846e+00
2.725000000000001865e-01 2.312585853751662146e+00
2.730000000000001870e-01 2.623480599560486404e+00
2.735000000000001874e-01 2.376597305921179348e+00
2.740000000000001878e-01 2.333427451918812512e+00
2.745000000000001883e-01 2.345319216658934280e+00
2.750000000000001887e-01 2.476296187002954063e+00
2.755000000000001892e-01 2.457231694343783079e+00
2.760000000000001896e-01 2.467859701165211472e+00
2.765000000000001901e-01 2.354410924021853369e+00
2.770000000000001905e-01 2.594343252954628642e+00
2.775000000000001910e-01 2.511486820029280143e+00
2.780000000000001914e-01 2.523822764063913482e+00
2.785000000000001918e-01 2.462107871188940145e+00
2.790000000000001923e-01 2.706850796815479132e+00
2.795000000000001927e-01 2.569273914917219681e+00
2.800000000000001932e-01 2.532745225152971180e+00
2.805000000000001936e-01 2.568687581264677000e+00
2.810000000000001941e-01 2.486634966095194965e+00
2.815000000000001945e-01 2.528566443615586579e+00
2.820000000000001950e-01 2.612586664413157234e+00
2.825000000000001954e-01 2.659829759183598430e+00
2.830000000000001958e-01 2.553301265865982383e+00
2.835000000000001963e-01 2.355675805592065242e+00
2.840000000000001967e-01 2.342616110073311830e+00
2.845000000000001972e-01 2.624096869638808727e+00
2.850000000000001976e-01 2.652571007379664003e+00
2.855000000000001981e-01 2.724757039944478709e+00
2.860000000000001985e-01 2.448013569768426656e+00
2.865000000000001990e-01 2.541621909291353898e+00
2.870000000000001994e-01 2.477695430367587548e+00
2.875000000000001998e-01 2.536384014460669967e+00
2.880000000000002003e-01 2.505906564309952511e+00
2.885000000000002007e-01 2.561269885680229397e+00
2.890000000000002012e-01 2.464157207228429236e+00
2.895000000000002016e-01 2.820068777482687139e+00
2.900000000000002021e-01 2.670333989688547405e+00
2.905000000000002025e-01 2.742923199921491584e+00
2.910000000000002029e-01 2.731466317654263065e+00
2.915000000000002034e-01 2.597623895683891515e+00
2.920000000000002038e-01 2.631678333884782894e+00
2.925000000000002043e-01 2.564171681263559766e+00
2.930000000000002047e-01 2.728881355296844724e+00
2.935000000000002052e-01 2.529491955520317248e+00
2.940000000000002056e-01 2.551275150144309833e+00
2.945000000000002061e-01 2.440381200834491171e+00
2.950000000000002065e-01 2.661540289732197362e+00
2.955000000000002069e-01 2.454051753227666666e+00
2.960000000000002074e-01 2.626508590462824255e+00
2.965000000000002078e-01 2.685882910750863495e+00
2.970000000000002083e-01 2.644199634210273597e+00
2.975000000000002087e-01 2.462189350841773372e+00
2.980000000000002092e-01 2.078691037678088716e+00
2.985000000000002096e-01 2.411898640769197577e+00
2.990000000000002101e-01 2.401678460490123790e+00
2.995000000000002105e-01 2.541363350470941196e+00
3.000000000000002109e-01 2.483901929569126921e+00
3.005000000000002114e-01 2.408143773504853868e+00
3.010000000000002118e-01 2.116760753580381405e+00
3.015000000000002123e-01 2.350177214415874793e+00
3.020000000000002127e-01 2.221308931487998350e+00
3.025000000000002132e-01 2.273959280848611986e+00
3.030000000000002136e-01 2.454563029561314114e+00
3.035000000000002141e-01 2.462700998006412956e+00
3.040000000000002145e-01 2.179396166925523737e+00
3.045000000000002149e-01 2.556802605769835424e+00
3.050000000000002154e-01 2.403494656241355720e+00
3.055000000000002158e-01 2.495599492788447282e+00
3.060000000000002163e-01 2.391929224407846721e+00
3.065000000000002167e-01 2.554160714351516592e+00
3.070000000000002172e-01 2.309212741400801239e+00
3.075000000000002176e-01 2.261621645741607622e+00
3.080000000000002180e-01 2.364294496873010409e+00
3.085000000000002185e-01 2.489290308760816028e+00
3.090000000000002189e-01 2.436363129570927377e+00
3.095000000000002194e-01 2.351798766339378233e+00
3.100000000000002198e-01 2.509838640568894164e+00
3.105000000000002203e-01 2.353714233216183782e+00
3.110000000000002207e-01 2.389357122319683668e+00
3.115000000000002212e-01 2.238821980670368639e+00
3.120000000000002216e-01 2.486325036476995987e+00
3.125000000000002220e-01 2.500885519623341047e+00
3.130000000000002225e-01 2.601457021135074044e+00
3.135000000000002229e-01 2.527474106786857355e+00
3.140000000000002234e-01 2.362566749431482815e+00
3.145000000000002238e-01 2.178467067533851775e+00
3.150000000000002243e-01 2.462280164683977812e+00
3.155000000000002247e-01 2.613359573888502485e+00
3.160000000000002252e-01 2.194490073631837124e+00
3.165000000000002256e-01 2.295909016991037888e+00
3.170000000000002260e-01 2.473038060315574604e+00
3.175000000000002265e-01 2.640864357157928666e+00
3.180000000000002269e-01 2.470988726542168834e+00
3.185000000000002274e-01 2.456478016777577267e+00
3.190000000000002278e-01 2.302562459548573415e+00
3.195000000000002283e-01 2.198196248653792928e+00
3.200000000000002287e-01 2.195299332498029443e+00
3.205000000000002292e-01 2.482686773658385526e+00
3.210000000000002296e-01 2.452348329235274349e+00
3.215000000000002300e-01 2.447297455540368816e+00
3.220000000000002305e-01 2.173610621996797221e+00
3.225000000000002309e-01 2.416493850703036017e+00
3.230000000000002314e-01 2.316512666843912882e+00
3.235000000000002318e-01 2.312694389266379158e+00
3.240000000000002323e-01 2.464269615442178818e+00
3.245000000000002327e-01 2.544328660073731374e+00
3.250000000000002331e-01 2.437121321077325931e+00
3.255000000000002336e-01 2.470733544518066260e+00
3.260000000000002340e-01 2.622464133782264284e+00
3.265000000000002345e-01 2.678720497201204420e+00
3.270000000000002349e-01 2.646495966696710500e+00
3.275000000000002354e-01 2.503608093167790649e+00
3.280000000000002358e-01 2.621391615159606836e+00
3.285000000000002363e-01 2.346792555542326575e+00
3.290000000000002367e-01 2.539265272680524266e+00
3.295000000000002371e-01 2.508464587308771865e+00
3.300000000000002376e-01 2.522873107329619558e+00
3.305000000000002380e-01 2.301182234472735288e+00
3.310000000000002385e-01 2.628296329955097654e+00
3.315000000000002389e-01 2.493437741953644871e+00
3.320000000000002394e-01 2.458108294911029557e+00
3.325000000000002398e-01 2.674388215509113209e+00
3.330000000000002403e-01 2.487958024497936016e+00
3.335000000000002407e-01 2.439871489541631355e+00
3.340000000000002411e-01 2.533501535659018700e+00
3.345000000000002416e-01 2.753622722718889193e+00
3.350000000000002420e-01 2.591040850398604434e+00
3.355000000000002425e-01 2.536723765180431300e+00
3.360000000000002429e-01 2.281831188241458364e+00
3.365000000000002434e-01 2.511414857667952916e+00
3.370000000000002438e-01 2.470023644116878803e+00
3.375000000000002442e-01 2.451403287948211052e+00
3.380000000000002447e-01 2.762971095181390169e+00
3.385000000000002451e-01 2.620334465839325500e+00
3.390000000000002456e-01 2.470361158755925324e+00
3.395000000000002460e-01 2.291997945815715365e+00
3.400000000000002465e-01 2.243023326115155314e+00
3.405000000000002469e-01 2.453970826791628479e+00
3.410000000000002474e-01 2.631702097912034244e+00
3.415000000000002478e-01 2.325974536795788250e+00
3.420000000000002482e-01 2.408508214538488179e+00
3.425000000000002487e-01 2.445160540105300928e+00
3.430000000000002491e-01 1.991044203848604699e+00
3.435000000000002496e-01 2.238393762637549411e+00
3.440000000000002500e-01 2.253363654109299397e+00
3.445000000000002505e-01 2.279757621333946993e+00
3.450000000000002509e-01 1.862848474597941228e+00
3.455000000000002514e-01 2.251468518921468931e+00
3.460000000000002518e-01 2.244224018480026839e+00
3.465000000000002522e-01 2.070644124598330027e+00
3.470000000000002527e-01 2.294936463783632696e+00
3.475000000000002531e-01 2.375034463833241460e+00
3.480000000000002536e-01 2.386624412562362352e+00
3.485000000000002540e-01 2.564496724806664574e+00
3.490000000000002545e-01 2.295956076132636081e+00
3.495000000000002549e-01 2.250433931353125860e+00
3.500000000000002554e-01 2.293229224582520320e+00
3.505000000000002558e-01 2.048280187852673073e+00
3.510000000000002562e-01 2.214705751996570715e+00
3.515000000000002567e-01 2.215708686590808885e+00
3.520000000000002571e-01 2.360512469615405173e+00
3.525000000000002576e-01 2.345189605061618998e+00
3.530000000000002580e-01 2.084830869091043315e+00
3.535000000000002585e-01 2.234336664913064929e+00
3.540000000000002589e-01 2.203470005043700830e+00
3.545000000000002593e-01 2.324104953265266005e+00
3.550000000000002598e-01 2.135300511649708355e+00
3.555000000000002602e-01 2.245540441292319667e+00
3.560000000000002607e-01 2.115009571879657546e+00
3.565000000000002611e-01 2.262191562450730942e+00
3.570000000000002616e-01 2.148533608462837030e+00
3.575000000000002620e-01 2.405949415770718858e+00
3.580000000000002625e-01 2.364580826915932299e+00
3.585000000000002629e-01 2.154559012687830677e+00
3.590000000000002633e-01 2.236633120009786868e+00
3.595000000000002638e-01 2.162450764995614172e+00
3.600000000000002642e-01 2.249832152150815556e+00
3.605000000000002647e-01 2.340278794557674402e+00
3.610000000000002651e-01 2.103620701924239444e+00
3.615000000000002656e-01 2.307414478034448102e+00
3.620000000000002660e-01 2.491755551108146172e+00
3.625000000000002665e-01 2.000680255027524890e+00
3.630000000000002669e-01 1.987702951083104130e+00
3.635000000000002673e-01 2.320931138093595525e+00
3.640000000000002678e-01 2.183168994246888150e+00
3.645000000000002682e-01 2.230306995472635112e+00
3.650000000000002687e-01 2.396609889209437849e+00
3.655000000000002691e-01 2.324916832716402926e+00
3.660000000000002696e-01 2.120157593782289407e+00
3.665000000000002700e-01 2.174698796518006016e+00
3.670000000000002705e-01 2.157131425191037621e+00
3.675000000000002709e-01 2.278135163691214604e+00
3.680000000000002713e-01 2.214191914282433338e+00
3.685000000000002718e-01 2.313031991390485320e+00
3.690000000000002722e-01 2.372913830283886139e+00
3.695000000000002727e-01 2.534411664767173722e+00
3.700000000000002731e-01 2.372164753154498040e+00
3.705000000000002736e-01 2.335974796113259089e+00
3.710000000000002740e-01 2.277766435789342570e+00
3.715000000000002744e-01 2.385838435995052187e+00
3.720000000000002749e-01 2.171175235562436079e+00
3.725000000000002753e-01 2.241405115834822936e+00
3.730000000000002758e-01 2.163937154263230855e+00
3.735000000000002762e-01 2.387104508474660935e+00
3.740000000000002767e-01 2.329895953797386898e+00
3.745000000000002771e-01 2.272179501825144499e+00
3.750000000000002776e-01 2.156813531635855430e+00
3.755000000000002780e-01 2.225347205590260113e+00
3.760000000000002784e-01 2.515331258734311959e+00
3.765000000000002789e-01 2.482959345870520362e+00
3.770000000000002793e-01 2.295410046935875137e+00
3.775000000000002798e-01 2.362513010347025766e+00
3.780000000000002802e-01 2.321516420880656018e+00
3.785000000000002807e-01 2.353387711767641388e+00
3.790000000000002811e-01 2.303544490148408119e+00
3.795000000000002816e-01 2.353256554626118380e+00
3.800000000000002820e-01 2.267632354612693746e+00
3.805000000000002824e-01 2.530582194370203819e+00
3.810000000000002829e-01 2.105429862416405840e+00
3.815000000000002833e-01 2.291059771104129172e+00
3.820000000000002838e-01 2.311424223807342138e+00
3.825000000000002842e-01 2.281063098313310000e+00
3.830000000000002847e-01 2.306532261925745342e+00
3.835000000000002851e-01 2.271910712070248195e+00
3.840000000000002855e-01 2.478981591019496555e+00
3.845000000000002860e-01 2.255602346796026225e+00
3.850000000000002864e-01 2.104087077978187725e+00
3.855000000000002869e-01 2.171225079817019843e+00
3.860000000000002873e-01 2.388034398328667152e+00
3.865000000000002878e-01 2.166211549199640984e+00
3.870000000000002882e-01 2.515719634474173017e+00
3.875000000000002887e-01 2.037924729168391735e+00
3.880000000000002891e-01 2.046852013087531397e+00
3.885000000000002895e-01 2.358005111867501391e+00
3.890000000000002900e-01 2.220175303188068661e+00
3.895000000000002904e-01 2.415534963151284575e+00
3.900000000000002909e-01 2.069007234803191597e+00
3.905000000000002913e-01 1.998375477317278381e+00
3.910000000000002918e-01 2.303972730316084849e+00
3.915000000000002922e-01 2.226874578417175066e+00
3.920000000000002927e-01 2.319091257361378222e+00
3.925000000000002931e-01 2.134848387533234249e+00
3.930000000000002935e-01 2.318099704210867529e+00
3.935000000000002940e-01 2.247172533299754971e+00
3.940000000000002944e-01 2.252241145498329988e+00
3.945000000000002949e-01 2.154214985859301379e+00
3.950000000000002953e-01 2.219596674009676640e+00
3.955000000000002958e-01 2.336047462882747894e+00
3.960000000000002962e-01 2.525600229260768881e+00
3.965000000000002967e-01 2.303593369523656786e+00
3.970000000000002971e-01 2.158333917165900839e+00
3.975000000000002975e-01 2.176455130200297017e+00
3.980000000000002980e-01 2.373570187346337512e+00
3.985000000000002984e-01 2.280185167997411000e+00
3.990000000000002989e-01 2.418267944449067119e+00
3.995000000000002993e-01 2.443289657469111642e+00
4.000000000000002998e-01 2.446947387221471981e+00
4.005000000000003002e-01 2.247477372378338778e+00
4.010000000000003006e-01 2.374593027156696845e+00
4.015000000000003011e-01 2.421829325019974277e+00
4.020000000000003015e-01 2.249132215802127632e+00
4.025000000000003020e-01 2.324337485237178758e+00
4.030000000000003024e-01 2.337092142284106888e+00
4.035000000000003029e-01 2.440171220175836542e+00
4.040000000000003033e-01 2.437900182247524139e+00
4.045000000000003038e-01 2.317880289175760833e+00
4.050000000000003042e-01 2.327720095813349932e+00
4.055000000000003046e-01 2.285222863786287917e+00
4.060000000000003051e-01 2.371473672785222142e+00
4.065000000000003055e-01 2.296583610742213288e+00
4.070000000000003060e-01 2.177279967325689292e+00
4.075000000000003064e-01 2.342963911465984594e+00
4.080000000000003069e-01 2.326266294412024482e+00
4.085000000000003073e-01 2.402521033522792226e+00
4.090000000000003078e-01 2.227047500063335406e+00
4.095000000000003082e-01 2.229153643166779997e+00
4.100000000000003086e-01 2.098780050014978915e+00
4.105000000000003091e-01 2.207721575898863975e+00
4.110000000000003095e-01 2.116892458803372623e+00
4.115000000000003100e-01 2.030039682033937698e+00
4.120000000000003104e-01 2.298740241847387011e+00
4.125000000000003109e-01 2.350390169092095416e+00
4.130000000000003113e-01 2.279853274004877584e+00
4.135000000000003118e-01 2.192333070522347160e+00
4.140000000000003122e-01 2.158555268207878797e+00
4.145000000000003126e-01 2.014471231497684478e+00
4.150000000000003131e-01 2.023920106202955704e+00
4.155000000000003135e-01 2.183215599118796479e+00
4.160000000000003140e-01 2.076702917829667872e+00
4.165000000000003144e-01 2.076440383144694035e+00
4.170000000000003149e-01 2.185558236579632663e+00
4.175000000000003153e-01 2.095931004881567805e+00
4.180000000000003157e-01 2.276188974824155498e+00
4.185000000000003162e-01 2.355495436014224175e+00
4.190000000000003166e-01 2.400262604260015920e+00
4.195000000000003171e-01 2.273356534501770998e+00
4.200000000000003175e-01 2.244088471101433946e+00
4.205000000000003180e-01 2.268846800225254867e+00
4.210000000000003184e-01 2.255594131900829247e+00
4.215000000000003189e-01 2.306382482685835011e+00
4.220000000000003193e-01 2.448232578083804345e+00
4.225000000000003197e-01 2.426002576684428202e+00
4.230000000000003202e-01 2.290898853175245886e+00
4.235000000000003206e-01 2.462838795115902535e+00
4.240000000000003211e-01 2.318242748390983987e+00
4.245000000000003215e-01 2.220080830807884098e+00
4.250000000000003220e-01 2.435319511596027553e+00
4.255000000000003224e-01 2.429170084484253422e+00
4.260000000000003229e-01 2.302261748227612426e+00
4.265000000000003233e-01 2.266331583092628943e+00
4.270000000000003237e-01 2.129868068264453296e+00
4.275000000000003242e-01 2.334243953782243253e+00
4.280000000000003246e-01 2.210364058379464147e+00
4.285000000000003251e-01 2.047056902844251791e+00
4.290000000000003255e-01 1.973874821681193437e+00
4.295000000000003260e-01 1.990319850304872906e+00
4.300000000000003264e-01 2.312563932723409543e+00
4.305000000000003268e-01 2.118766635156049905e+00
4.310000000000003273e-01 2.205563250017877230e+00
4.315000000000003277e-01 2.251986269364688376e+00
4.320000000000003282e-01 2.155898983926775703e+00
4.325000000000003286e-01 2.068909053262868891e+00
4.330000000000003291e-01 2.102575518005432631e+00
4.335000000000003295e-01 2.104352828769948225e+00
4.340000000000003300e-01 2.131652005005619355e+00
4.345000000000003304e-01 2.159728940228441196e+00
4.350000000000003308e-01 2.191941394921624653e+00
4.355000000000003313e-01 2.265424306390094067e+00
4.360000000000003317e-01 2.261192566509083068e+00
4.365000000000003322e-01 2.038208350740466912e+00
4.370000000000003326e-01 2.130069254556674618e+00
4.375000000000003331e-01 2.368326624744654385e+00
4.380000000000003335e-01 2.380525834754286585e+00
4.385000000000003340e-01 2.230721356053803728e+00
4.390000000000003344e-01 2.095877737981600930e+00
4.395000000000003348e-01 2.290952457677376319e+00
4.400000000000003353e-01 2.064271281301910399e+00
4.405000000000003357e-01 2.161362066149674188e+00
4.410000000000003362e-01 2.247876646026595093e+00
4.415000000000003366e-01 2.069257975366162405e+00
4.420000000000003371e-01 2.413851762003630164e+00
4.425000000000003375e-01 2.233996237614728209e+00
4.430000000000003380e-01 2.160003362422034723e+00
4.435000000000003384e-01 2.181772970408457191e+00
4.440000000000003388e-01 2.179168446096652723e+00
4.445000000000003393e-01 2.388729381348247305e+00
4.450000000000003397e-01 2.195110743434612655e+00
4.455000000000003402e-01 2.401289907985553196e+00
4.460000000000003406e-01 2.330571351180856787e+00
4.465000000000003411e-01 2.282959538135993061e+00
4.470000000000003415e-01 2.209404139265395361e+00
4.475000000000003419e-01 2.159124990633208618e+00
4.480000000000003424e-01 2.323545449810634711e+00
4.485000000000003428e-01 2.464860514812528436e+00
4.490000000000003433e-01 2.404905102183093391e+00
4.495000000000003437e-01 2.449160260442568848e+00
4.500000000000003442e-01 2.229266344278876488e+00
4.505000000000003446e-01 2.567794675422899964e+00
4.510000000000003451e-01 2.408420592929505943e+00
4.515000000000003455e-01 2.302451270500683211e+00
4.520000000000003459e-01 2.216640358386992471e+00
4.525000000000003464e-01 2.114891175520071886e+00
4.530000000000003468e-01 2.223978920749267285e+00
4.535000000000003473e-01 2.438020917946282395e+00
4.540000000000003477e-01 2.247164492781380751e+00
4.545000000000003482e-01 2.133809050313741018e+00
4.550000000000003486e-01 2.263715281208297458e+00
4.555000000000003491e-01 2.206452569764073335e+00
4.560000000000003495e-01 2.222880628088427901e+00
4.565000000000003499e-01 2.484526231230243631e+00
4.570000000000003504e-01 2.643166251783720000e+00
4.575000000000003508e-01 2.201037517814005806e+00
4.580000000000003513e-01 2.299284930826251294e+00
4.585000000000003517e-01 2.106289012030528429e+00
4.590000000000003522e-01 2.398212683776769438e+00
4.595000000000003526e-01 2.352432060335186481e+00
4.600000000000003531e-01 2.301604515999039258e+00
4.605000000000003535e-01 2.427539536343211068e+00
4.610000000000003539e-01 2.225987630106442960e+00
4.615000000000003544e-01 2.344850793835677738e+00
4.620000000000003548e-01 2.521198307197653143e+00
4.625000000000003553e-01 2.208045424885147767e+00
4.630000000000003557e-01 2.301782660342518216e+00
4.635000000000003562e-01 2.339048249745664165e+00
4.640000000000003566e-01 2.309549070595676046e+00
4.645000000000003570e-01 2.440867761894184973e+00
4.650000000000003575e-01 2.373824267369814667e+00
4.655000000000003579e-01 2.240515811343509966e+00
4.660000000000003584e-01 2.307133718722194970e+00
4.665000000000003588e-01 2.179490077968137207e+00
4.670000000000003593e-01 2.461367126213116041e+00
4.675000000000003597e-01 2.177126607384863188e+00
4.680000000000003602e-01 2.290393526236731869e+00
4.685000000000003606e-01 2.224435798078283177e+00
4.690000000000003610e-01 2.211631836364251757e+00
4.695000000000003615e-01 2.482167560383482741e+00
4.700000000000003619e-01 2.403819902139941345e+00
4.705000000000003624e-01 2.278269712273051528e+00
4.710000000000003628e-01 2.381799745988371075e+00
4.715000000000003633e-01 2.373029303476056118e+00
4.720000000000003637e-01 2.330584882973752769e+00
4.725000000000003642e-01 2.059282509304776632e+00
4.730000000000003646e-01 2.453624245821645289e+00
4.735000000000003650e-01 2.278476960260229944e+00
4.740000000000003655e-01 2.317754784050108263e+00
4.745000000000003659e-01 2.082378782854025445e+00
4.750000000000003664e-01 2.185796279565181965e+00
4.755000000000003668e-01 2.085874368109621013e+00
4.760000000000003673e-01 2.096634090108026260e+00
4.765000000000003677e-01 2.422151714140353906e+00
4.770000000000003681e-01 2.136552988195419722e+00
4.775000000000003686e-01 2.233942709869845000e+00
4.780000000000003690e-01 2.219458460545828515e+00
4.785000000000003695e-01 2.251584556174262897e+00
4.790000000000003699e-01 2.255809460966343938e+00
4.795000000000003704e-01 2.203294119417187780e+00
4.800000000000003708e-01 2.232868808556496720e+00
4.805000000000003713e-01 2.229611035446698253e+00
4.810000000000003717e-01 2.194852198998701098e+00
4.815000000000003721e-01 2.266643706697612615e+00
4.820000000000003726e-01 2.090758869849184354e+00
4.825000000000003730e-01 2.082255138323159560e+00
4.830000000000003735e-01 2.163909119577945628e+00
4.835000000000003739e-01 2.154231799233526701e+00
4.840000000000003744e-01 2.053206283940011367e+00
4.845000000000003748e-01 2.183268384345299573e+00
4.850000000000003753e-01 2.291128891501352793e+00
4.855000000000003757e-01 2.269971286487585171e+00
4.860000000000003761e-01 1.984082404145810052e+00
4.865000000000003766e-01 2.317598691817813084e+00
4.870000000000003770e-01 2.162262571146586598e+00
4.875000000000003775e-01 2.061088409942108068e+00
4.880000000000003779e-01 2.158417268998134020e+00
4.885000000000003784e-01 2.007865199724651273e+00
4.890000000000003788e-01 2.412541165093041506e+00
4.895000000000003793e-01 2.098330703537722997e+00
4.900000000000003797e-01 2.204534864197543076e+00
4.905000000000003801e-01 2.515576437012111644e+00
4.910000000000003806e-01 2.326098068434644173e+00
4.915000000000003810e-01 2.245402720830383725e+00
4.920000000000003815e-01 2.240393396074994659e+00
4.925000000000003819e-01 2.056469889984994914e+00
4.930000000000003824e-01 2.263262074666128498e+00
4.935000000000003828e-01 2.280068863644639787e+00
4.940000000000003832e-01 2.223081181515192295e+00
4.945000000000003837e-01 2.421742384349915955e+00
4.950000000000003841e-01 2.251467946972915524e+00
4.955000000000003846e-01 2.186941106337413565e+00
4.960000000000003850e-01 2.421381599178868971e+00
4.965000000000003855e-01 2.295623060568009688e+00
4.970000000000003859e-01 2.463635064419138043e+00
4.975000000000003864e-01 2.428728038241603215e+00
4.980000000000003868e-01 2.169014810861850773e+00
4.985000000000003872e-01 2.386559316913182460e+00
4.990000000000003877e-01 2.438666113720432183e+00
4.995000000000003881e-01 2.220983806267118776e+00
5.000000000000003331e-01 2.263725899665049113e+00
